2824;68;-405;1786369588692;world
2825;70;-403;1786478778236;world
2795;74;-369;1786721825556;world
2824;68;-407;1786369591669;world
2795;74;-371;1786721798662;world
2824;68;-409;1786369592439;world
2825;70;-407;1786478775573;world
2760;69;-378;1786645404743;world
2761;71;-377;1786645406343;world
2824;67;-382;1786477658056;world
2824;68;-412;1786477744453;world
2825;70;-411;1786477746007;world
2825;69;-383;1786477660206;world
2761;71;-378;1786643325444;world
2824;67;-383;1786284918047;world
2761;71;-384;1786643942492;world
2824;67;-385;1786369552486;world
2825;69;-387;1786478792674;world
2824;67;-387;1786369544439;world
2760;69;-384;1786645409691;world
2760;69;-389;1786645412490;world
2824;67;-389;1786369568193;world
2761;71;-389;1786644179821;world
2825;69;-391;1786478790323;world
2824;67;-391;1786284940653;world
2824;67;-393;1786369573557;world
2825;69;-395;1786478788019;world
2824;67;-395;1786284942899;world
2761;71;-396;1786645397593;world
2824;67;-397;1786369577661;world
2825;69;-399;1786478805069;world
2760;69;-395;1786645396040;world
2824;67;-399;1786284956555;world
2761;71;-395;1786643412553;world
2824;67;-401;1786369586202;world
2792;67;-369;1786721809209;world
2825;69;-403;1786478783824;world
2824;67;-403;1786284948326;world
2792;67;-371;1786721803456;world
2825;71;-403;1786478849580;world
2823;67;-404;1786288561728;world
2792;69;-371;1786721804399;world
2823;67;-406;1786288562483;world
2795;75;-370;1786722287292;world
2825;71;-407;1786478850420;world
2823;67;-408;1786288563232;world
2823;67;-410;1786288564077;world
2824;69;-412;1786477745053;world
2825;71;-411;1786477746804;world
2760;70;-378;1786645405992;world
2824;68;-382;1786477659106;world
2824;68;-385;1786369552894;world
2760;70;-384;1786645410187;world
2825;70;-383;1786477660957;world
2824;68;-387;1786369544839;world
2824;68;-389;1786369569088;world
2825;70;-387;1786478792322;world
2760;70;-389;1786645412991;world
2824;68;-391;1786369571302;world
2824;68;-393;1786369574031;world
2825;70;-391;1786478789973;world
2824;68;-395;1786369575457;world
2824;68;-397;1786369577876;world
2825;70;-395;1786478800771;world
2824;68;-399;1786369579264;world
2760;70;-395;1786645396543;world
2824;68;-401;1786369582639;world
2792;68;-369;1786721809699;world
2825;70;-399;1786478785621;world
2824;68;-403;1786369586653;world
2792;68;-371;1786721803948;world
2796;74;-371;1786721781257;world
2796;74;-370;1786721885248;world
2825;68;-407;1786478780729;world
2761;69;-378;1786643324498;world
2825;68;-411;1786477743553;world
2760;67;-378;1786645402293;world
2761;69;-377;1786645404542;world
2825;67;-383;1786479225510;world
2760;67;-384;1786645401094;world
2825;67;-387;1786478769370;world
2761;69;-384;1786643916641;world
2825;67;-391;1786478770624;world
2760;67;-389;1786645399743;world
2761;69;-389;1786643932332;world
2825;67;-395;1786478771577;world
2760;67;-395;1786645394794;world
2761;69;-395;1786643410597;world
2825;67;-399;1786478772573;world
2811;71;-383;1786477588912;world
2761;69;-396;1786645396239;world
2825;67;-403;1786478773471;world
2811;71;-387;1786478842621;world
2796;73;-369;1786721823847;world
2796;75;-370;1786722286139;world
2824;67;-405;1786369587839;world
2825;69;-407;1786478775921;world
2824;67;-407;1786285045504;world
2760;68;-378;1786645404243;world
2761;70;-377;1786645405439;world
2824;67;-409;1786369592154;world
2761;70;-378;1786643324948;world
2824;67;-412;1786477744107;world
2825;69;-411;1786477745504;world
2824;67;-411;1786285047701;world
2825;68;-383;1786477659507;world
2760;68;-384;1786645409141;world
2825;68;-387;1786478793024;world
2761;70;-384;1786643917183;world
2761;70;-389;1786643932842;world
2825;68;-391;1786478790723;world
2760;68;-389;1786645411692;world
2760;68;-395;1786645395487;world
2825;68;-395;1786478788372;world
2761;70;-395;1786643411768;world
2825;68;-399;1786478786276;world
2761;70;-396;1786645396745;world
2796;74;-369;1786721824348;world
2825;68;-403;1786478784220;world
2792;72;-369;1786721814647;world
2773;67;-389;1786643338100;world
2792;72;-371;1786721805999;world
2793;74;-369;1786721820499;world
2774;69;-389;1786645382493;world
2793;74;-371;1786721800548;world
2773;67;-395;1786643335145;world
2773;67;-396;1786645386242;world
2774;69;-395;1786645387843;world
2824;71;-382;1786477661355;world
2823;69;-385;1786288571531;world
2823;69;-387;1786288574532;world
2823;69;-389;1786288575830;world
2823;69;-391;1786288578079;world
2823;69;-393;1786288579074;world
2773;66;-378;1786643193705;world
2823;69;-395;1786288579933;world
2774;68;-378;1786645366141;world
2823;69;-397;1786288580739;world
2823;69;-399;1786288581531;world
2773;66;-384;1786643277646;world
2823;69;-401;1786288582275;world
2774;68;-384;1786645377592;world
2774;70;-384;1786645378542;world
2792;73;-369;1786721818805;world
2774;70;-389;1786645382940;world
2773;68;-389;1786643349393;world
2792;73;-371;1786721806457;world
2793;75;-370;1786722287693;world
2773;68;-396;1786645386793;world
2774;70;-395;1786645388341;world
2773;68;-395;1786643357349;world
2773;67;-377;1786645369650;world
2774;69;-378;1786645366595;world
2773;67;-378;1786643343494;world
2774;69;-384;1786645378090;world
2773;67;-384;1786643342346;world
2823;68;-404;1786470571186;world
2792;70;-371;1786721804905;world
2794;74;-369;1786721821347;world
2823;68;-406;1786470570608;world
2794;74;-371;1786721799606;world
2774;67;-389;1786645381590;world
2823;68;-408;1786470569835;world
2823;68;-410;1786470568892;world
2774;67;-395;1786645385842;world
2824;69;-382;1786477659856;world
2824;70;-412;1786477746503;world
2760;71;-378;1786645406494;world
2825;71;-383;1786477661764;world
2823;67;-384;1786288550028;world
2760;71;-384;1786645410690;world
2823;67;-386;1786288550932;world
2825;71;-387;1786478845971;world
2823;67;-388;1786288551941;world
2823;67;-390;1786288553378;world
2825;71;-391;1786478846922;world
2823;67;-392;1786288554529;world
2760;71;-389;1786645413492;world
2823;67;-394;1786288557474;world
2825;71;-395;1786478847824;world
2760;71;-395;1786645397438;world
2823;67;-396;1786288558778;world
2823;67;-398;1786288559432;world
2825;71;-399;1786478848732;world
2823;67;-400;1786288560226;world
2823;67;-402;1786288561041;world
2792;69;-369;1786722058191;world
2823;69;-403;1786288583005;world
2792;71;-369;1786721814206;world
2823;69;-405;1786288583776;world
2774;68;-389;1786645382043;world
2794;75;-370;1786722287493;world
2773;66;-389;1786643283901;world
2792;71;-371;1786721805447;world
2823;69;-407;1786288584528;world
2823;69;-409;1786288585328;world
2774;68;-395;1786645387242;world
2773;66;-395;1786643242895;world
2824;71;-412;1786477747054;world
2823;68;-384;1786470579641;world
2824;70;-382;1786477660609;world
2823;68;-386;1786470580185;world
2823;68;-388;1786470576283;world
2823;68;-390;1786470575646;world
2823;68;-392;1786470574892;world
2823;68;-394;1786470574185;world
2774;67;-378;1786645365692;world
2823;68;-396;1786470573489;world
2823;68;-398;1786470572839;world
2823;68;-400;1786470572237;world
2774;67;-384;1786645377192;world
2823;68;-402;1786470571750;world
2792;70;-369;1786721813705;world
2773;71;-384;1786643394794;world
2773;71;-389;1786643396892;world
2820;68;-411;1786477851553;world
2773;71;-395;1786643404395;world
2820;67;-383;1786285002900;world
2773;71;-396;1786645388695;world
2773;70;-378;1786643345200;world
2773;70;-377;1786645371045;world
2820;68;-383;1786477868706;world
2773;71;-377;1786645371596;world
2773;71;-378;1786643386649;world
2774;71;-384;1786645379040;world
2773;69;-384;1786643347845;world
2792;74;-369;1786721819399;world
2773;69;-389;1786643349950;world
2792;74;-371;1786721807005;world
2792;74;-370;1786721886700;world
2774;71;-389;1786645383488;world
2773;69;-395;1786643357848;world
2773;69;-396;1786645387692;world
2774;71;-395;1786645388844;world
2773;68;-378;1786643344200;world
2773;68;-377;1786645370093;world
2774;70;-378;1786645367092;world
2773;68;-384;1786643347400;world
2773;70;-384;1786643348298;world
2792;75;-370;1786722287847;world
2773;70;-389;1786643350452;world
2820;67;-411;1786285051201;world
2773;70;-396;1786645388191;world
2773;70;-395;1786643358324;world
2773;69;-377;1786645370547;world
2774;71;-378;1786645368243;world
2773;69;-378;1786643344646;world
2834;67;-384;1786196402005;world
2769;67;-396;1786643334498;world
2769;66;-377;1786643198098;world
2834;68;-384;1786196402401;world
2769;68;-396;1786643359349;world
2769;67;-377;1786643312152;world
2769;66;-396;1786643238950;world
2834;71;-380;1786196394042;world
2832;67;-384;1786196439751;world
2833;69;-385;1786196344703;world
2816;68;-411;1786477847903;world
2816;67;-383;1786285007107;world
2769;71;-396;1786643361149;world
2833;68;-379;1786196339116;world
2769;70;-377;1786643314198;world
2833;70;-379;1786196340102;world
2832;68;-380;1786196397198;world
2834;72;-380;1786196394449;world
2832;68;-384;1786196440199;world
2816;68;-383;1786477867245;world
2769;71;-377;1786643316648;world
2833;69;-379;1786196339600;world
2832;67;-380;1786196396336;world
2833;67;-385;1786196343503;world
2834;69;-384;1786196402953;world
2769;69;-396;1786643360248;world
2769;68;-377;1786643312596;world
2834;68;-380;1786196392604;world
2834;70;-380;1786196393529;world
2833;68;-385;1786196343974;world
2816;67;-411;1786285053606;world
2769;70;-396;1786643360699;world
2769;69;-377;1786643313047;world
2833;67;-379;1786196338654;world
2834;69;-380;1786196393049;world
2833;73;-379;1786196341606;world
2832;71;-380;1786196398648;world
2832;71;-384;1786196446100;world
2765;67;-396;1786643333899;world
2765;66;-377;1786643205101;world
2813;67;-394;1786285285362;world
2765;68;-377;1786643306699;world
2813;67;-396;1786285286263;world
2832;72;-380;1786196399148;world
2833;74;-379;1786196453097;world
2813;67;-398;1786285287705;world
2813;67;-400;1786285293566;world
2832;72;-384;1786196446549;world
2813;67;-402;1786285297010;world
2813;67;-404;1786285297607;world
2813;67;-406;1786285298410;world
2813;67;-408;1786285299106;world
2813;67;-410;1786285300026;world
2765;68;-396;1786643362043;world
2765;67;-377;1786643306200;world
2833;71;-379;1786196340604;world
2832;69;-380;1786196397602;world
2834;73;-380;1786196394970;world
2832;69;-384;1786196440703;world
2833;72;-379;1786196341130;world
2832;70;-380;1786196398203;world
2834;74;-380;1786196452600;world
2834;74;-381;1786196464096;world
2832;70;-384;1786196441205;world
2834;74;-382;1786196464100;world
2834;74;-383;1786196464103;world
2814;67;-401;1786288672291;world
2814;67;-403;1786288695384;world
2814;67;-405;1786288813135;world
2814;67;-407;1786288864426;world
2814;67;-409;1786288726977;world
2765;66;-396;1786643234848;world
2812;68;-393;1786288790480;world
2812;68;-395;1786288789387;world
2765;71;-377;1786643308199;world
2812;68;-397;1786288788138;world
2812;68;-399;1786288784686;world
2812;68;-401;1786288660892;world
2812;68;-403;1786288779782;world
2812;68;-405;1786288775728;world
2812;68;-407;1786288846873;world
2812;68;-409;1786288882745;world
2812;67;-382;1786477584309;world
2812;68;-412;1786477752247;world
2812;67;-383;1786285021008;world
2765;71;-396;1786643364046;world
2813;69;-385;1786285317604;world
2812;67;-385;1786285779474;world
2796;67;-369;1786721811056;world
2813;69;-387;1786285720866;world
2812;67;-387;1786286215887;world
2796;67;-371;1786721767656;world
2813;69;-389;1786285719364;world
2812;67;-389;1786286328034;world
2813;69;-391;1786285713499;world
2812;67;-391;1786286454380;world
2811;67;-395;1786478695780;world
2811;67;-399;1786478696629;world
2811;67;-403;1786478697624;world
2811;67;-407;1786478698523;world
2811;67;-411;1786479245060;world
2812;69;-412;1786477753204;world
2812;68;-382;1786477584812;world
2812;68;-385;1786285780325;world
2796;68;-369;1786721811597;world
2812;68;-387;1786286217348;world
2796;68;-371;1786721768148;world
2812;68;-389;1786286328433;world
2812;68;-391;1786286454856;world
2813;68;-394;1786470555196;world
2765;69;-377;1786643307195;world
2813;68;-396;1786470555934;world
2813;68;-398;1786470556591;world
2832;73;-380;1786196399656;world
2813;68;-400;1786470557240;world
2813;68;-402;1786470557808;world
2832;73;-384;1786196446998;world
2813;68;-404;1786470558436;world
2813;68;-406;1786470558984;world
2813;68;-408;1786470564237;world
2813;68;-410;1786470565463;world
2765;69;-396;1786643363043;world
2813;67;-384;1786285281157;world
2813;67;-386;1786285281854;world
2813;67;-388;1786285282808;world
2813;67;-390;1786285283656;world
2813;67;-392;1786285284517;world
2813;69;-393;1786285707118;world
2812;67;-393;1786288795688;world
2813;69;-395;1786285706366;world
2812;67;-395;1786288794881;world
2765;70;-377;1786643307696;world
2813;69;-397;1786285705526;world
2812;67;-397;1786288794136;world
2832;74;-380;1786196455155;world
2813;69;-399;1786285704762;world
2832;74;-381;1786196464075;world
2812;67;-399;1786288787242;world
2832;74;-382;1786196463986;world
2813;69;-401;1786285704012;world
2832;74;-383;1786196463983;world
2812;67;-401;1786288660279;world
2832;74;-384;1786196450077;world
2813;69;-403;1786285703358;world
2812;67;-403;1786288781879;world
2813;69;-405;1786285702577;world
2812;67;-405;1786288775336;world
2813;69;-407;1786285701563;world
2812;67;-407;1786288846210;world
2813;69;-409;1786285700186;world
2812;67;-409;1786288882232;world
2812;67;-412;1786477751304;world
2812;67;-411;1786285057556;world
2765;70;-396;1786643363549;world
2813;68;-384;1786470549191;world
2813;68;-386;1786470550537;world
2813;68;-388;1786470552691;world
2813;68;-390;1786470553742;world
2813;68;-392;1786470554445;world
2761;67;-377;1786645402891;world
2811;70;-391;1786478718675;world
2761;67;-378;1786643322794;world
2811;70;-395;1786478715875;world
2761;67;-384;1786643330343;world
2811;70;-399;1786478713277;world
2761;67;-389;1786643331548;world
2811;70;-403;1786478709376;world
2811;70;-407;1786478700425;world
2761;67;-396;1786645395189;world
2811;70;-411;1786477753604;world
2761;67;-395;1786643333194;world
2811;69;-383;1786477587511;world
2812;71;-382;1786477589357;world
2811;69;-387;1786478689627;world
2796;71;-369;1786721816405;world
2796;71;-371;1786721769599;world
2825;67;-407;1786478774426;world
2796;73;-371;1786721770600;world
2811;71;-391;1786478841571;world
2825;67;-411;1786479251660;world
2811;71;-395;1786478834872;world
2761;68;-377;1786645404093;world
2761;68;-378;1786643323947;world
2761;68;-384;1786643916148;world
2811;71;-399;1786478832774;world
2811;71;-403;1786478831820;world
2811;71;-407;1786478740423;world
2761;68;-389;1786643931930;world
2761;68;-395;1786643365444;world
2761;68;-396;1786645395743;world
2811;71;-411;1786477754154;world
2811;70;-383;1786477588008;world
2796;72;-369;1786721816906;world
2796;72;-371;1786721770106;world
2811;70;-387;1786478689025;world
2811;68;-391;1786478719383;world
2811;68;-395;1786478722272;world
2811;68;-399;1786478713976;world
2811;68;-403;1786478711226;world
2811;68;-407;1786478705474;world
2811;68;-411;1786477751706;world
2812;69;-382;1786477585310;world
2811;67;-383;1786479235311;world
2812;70;-412;1786477753754;world
2811;67;-387;1786478684979;world
2796;69;-369;1786721812056;world
2796;69;-371;1786721768656;world
2811;67;-391;1786478694575;world
2811;69;-391;1786478719026;world
2761;66;-378;1786643207303;world
2811;69;-395;1786478716226;world
2811;69;-399;1786478713525;world
2761;66;-384;1786643300049;world
2811;69;-403;1786478709726;world
2761;66;-389;1786643295297;world
2811;69;-407;1786478700878;world
2811;69;-411;1786477753003;world
2812;71;-412;1786477754308;world
2761;66;-395;1786643218746;world
2812;70;-382;1786477585757;world
2811;68;-383;1786477587060;world
2796;70;-369;1786721815849;world
2796;70;-371;1786721769110;world
2811;68;-387;1786478690425;world
